23.3787
11.1225
21.224
33.8752
3.7761
0.4313
17.8946
41.7628
3.1441
19.768
17.7431
40.8447
9.3481
20.1808
2.5775
0.5591
5.4292
5.3551
7.9712
17.2489
1.4656
1.9819
24.6539
5.857
13.6627
9.1072
6.6099
17.24
2.3819
5.3236
0.1516
35.6576
4.2698
1.5982
47.3977
4.4323
31.8904
55.118
3.9546
9.8406
45.2975
29.6263
59.9559
26.6279
49.7543
5.8995
1.93
0.5938
51.2216
2.5063
16.1749
2.0391
2.9849
4.2976
0.6076
4.8729
39.2804
12.2901
23.6701
8.0894
10.2509
1.7919
8.4126
4.1115
10.6834
19.4925
10.3135
19.073
15.1091
3.2175
16.4892
50.9714
22.8495
6.3156
18.0727
4.6244
2.7797
24.4104
11.5003
20.845
11.2008
10.8593
6.6541
0.5648
3.2931
9.0112
16.8778
8.1289
8.0849
0.3915
0.753
0.9625
48.3416
18.2647
84.6136
19.0079
4.419
4.372
17.7016
30.3252
24.3657
8.4323
0.6709
3.7099
1.7451
0.2344
0.9826
3.095
4.1512
4.7224
4.6928
29.2459
1.7898
6.2234
16.7426
1.5727
57.6346
4.9321
13.4522
25.4233
10.7734
2.8171
2.8056
0.1128
4.6569
19.3916
27.1803
28.0607
8.7152
68.7948
34.0093
1.3143
44.0989
2.3408
7.058
25.9873
1.6221
19.5866
3.1103
22.5007
2.7968
38.3238
4.2459
0.1037
35.7579
9.6223
6.7833
11.4075
2.9301
8.6641
67.1729
1.2099
5.1103
0.2569
11.081
56.175
0.4133
5.4987
8.492
32.5177
16.2894
19.1434
31.7307
3.2653
6.7088
3.0981
4.3127
3.1873
8.9521
15.2645
0.0034
1.3939
92.7883
5.8466
61.8398
2.7432
3.9372
1.5925
1.2777
1.674
10.4345
47.1759
2.9498
17.472
3.2373
5.4842
34.6679
17.0866
3.0567
26.1596
24.1341
44.6492
15.8069
3.6755
6.4856
0.4197
6.4999
5.6443
27.9656
10.747
8.7324
3.8506
0.5351
37.7036
26.8107
31.4517
11.0045
6.6117
30.2033
3.134
13.8674
29.0513
87.3516
7.6133
2.0689
5.2668
2.9864
14.4569
6.0886
1.4906
1.58
12.9023
23.6689
31.2082
9.7952
17.4192
3.76
7.2688
2.8863
3.7797
2.6528
4.093
2.1755
17.2792
34.4274
37.5627
1.2308
31.7638
4.0368
12.9328
14.2351
15.3284
4.129
1.5309
3.1266
7.9317
4.8911
17.4081
30.0609
2.0375
2.0716
23.7471
4.5356
2.9977
12.1715
5.2758
0.9039
21.0548
1.1635
5.2222
0.6202
0.6783
28.1276
40.3971
5.2347
18.0053
1.3739
8.2936
0.9418
44.2975
1.8039
2.3803
2.0459
4.6176
48.7492
0.5005
1.6988
0.0192
20.2146
4.4424
45.495
66.5914
1.3926
0.2003
1.8215
13.2915
0.9664
0.4821
74.6606
5.444
5.6688
5.1667
7.2998
0.7329
8.2828
7.9136
0.3611
77.3808
19.2933
8.1876
1.8343
1.3845
6.5029
44.0778
27.3997
7.211
7.4968
5.2954
4.9755
20.3913
12.2223
4.1982
0.4888
34.7185
1.1109
3.3706
4.7733
17.9423
2.8091
0.0131
4.5064
16.5326
7.7534
14.9845
16.7833
1.1303
62.9338
9.5121
3.342
7.4202
1.2731
42.0228
1.4747
2.603
0.9276
4.0284
6.1658
1.9647
8.3428
2.8986
10.4282
1.7509
13.0534
7.0379
42.126
2.8982
8.3684
7.1702
23.2601
156.3608
0.3157
6.4442
28.4379
75.5536
1.8267
0.1797
11.3406
12.1183
5.061
0.8446
2.0403
2.0277
2.0728
0.1591
5.6781
0.5163
22.5043
4.7838
2.8275
5.7291
12.5993
9.2823
18.0643
25.8591
5.3127
0.3168
2.0491
18.395
27.1423
9.0568
7.7588
0.8442
0.865
0.2902
27.4669
6.3072
4.1878
0.1156
0.7086
3.635
0.8798
5.2853
13.2289
2.8971
0.511
11.2561
14.4975
15.3969
10.2543
18.541
22.6514
19.6527
8.5912
17.507
17.0251
2.1787
4.583
35.423
17.5381
1.7495
30.9543
32.9588
1.7767
7.6154
50.148
6.7246
4.4615
15.0846
14.0922
11.9453
5.0874
1.5006
6.8326
3.0847
0.5974
2.5518
7.0195
10.9865
8.806
8.2501
35.7178
11.8321
8.7721
34.6929
1.0319
30.6356
24.1774
24.1381
29.7631
2.9759
44.1675
1.9678
8.2491
6.0265
16.1938
15.1615
3.1911
2.069
8.5508
14.5987
36.059
34.33
17.7548
9.8195
5.5647
5.0217
4.3031
4.1704
30.6992
28.7615
5.4987
2.8259
49.9248
3.5665
2.7717
2.8203
2.2949
0.4484
9.5908
7.3388
47.6027
4.0684
1.5492
32.2723
12.0986
19.3246
1.5178
8.9803
17.2725
32.1729
0.8054
5.4783
4.4161
29.8896
14.9719
1.6036
27.2412
3.4733
21.8271
10.4308
5.5688
5.7825
7.0588
21.5881
15.4745
65.6135
2.148
20.4407
34.9118
32.9386
1.4724
3.4978
8.3363
46.7799
1.6937
22.9694
10.3257
1.1393
0.4755
20.1981
1.2935
6.5417
47.8957
38.5587
51.2594
3.7404
23.4955
1.0106
5.5706
41.9007
26.527
40.9229
10.1622
4.8446
20.1498
12.5141
16.1417
3.3694
7.4583
27.5633
2.2368
4.32
2.5014
29.1562
27.8392
1.905
72.3709
30.2
2.5397
0.9809
19.2329
13.8259
0.1168
5.5945
0.8205
6.5458
34.7308
2.4188
12.1867
4.8649
0.5621
7.8701
18.4272
2.7124
5.1887
28.5205
28.9098
36.9723
0.8224
11.5288
16.664
1.4189
2.1713
21.7649
1.8622
1.8334
8.1894
4.4974
50.0861
16.0249
19.8775
8.6196
29.9468
18.6634
5.5531
19.8415
2.9937
25.0878
17.1672
0.7659
36.0258
47.7418
6.7595
0.8196
28.025
4.836
48.2087
33.9305
2.2221
3.305
4.3646
44.8924
7.2712
8.6916
2.6391
6.4121
2.3974
1.1331
11.791
1.8842
5.2433
25.5751
0.3639
3.4629
69.0267
8.5664
8.1435
32.3733
84.5176
49.3301
6.7662
0.7834
7.7943
2.3431
3.769
0.6675
4.0142
1.4079
0.7588
55.7732
5.9178
14.3401
10.2344
6.6794
47.0796
1.8383
12.8348
9.4373
30.8689
11.7812
2.4308
19.349
36.6114
15.3014
8.8975
59.1949
0.7942
1.7216
7.3019
26.266
10.4466
20.8364
0.5881
5.2171
2.7978
17.493
2.9421
6.6411
1.0935
6.6258
57.0815
3.0141
14.693
21.9083
5.5653
8.0583
4.2733
34.7456
14.7482
2.0785
7.1018
86.0171
12.7149
1.106
111.1566
27.8503
0.0616
56.2871
2.8727
0.086
88.1814
4.6409
12.8999
3.2766
15.0452
0.2568
8.7502
1.3672
23.6692
3.245
10.9524
46.2942
34.2276
6.8251
2.2027
33.1574
1.0174
9.2261
4.9778
40.8584
3.0017
13.5689
0.8522
16.2484
65.954
1.445
56.1261
4.1014
74.6021
30.5109
27.1931
19.9476
2.5602
5.098
21.5719
28.1652
26.9018
15.8494
1.9323
9.6527
0.0856
6.4706
21.7496
20.2063
8.1882
46.703
1.6415
6.6382
7.2019
1.3462
25.4901
65.2401
30.6019
2.822
24.8584
29.8677
58.5625
14.4742
14.6349
1.6993
0.1876
30.1813
9.1699
45.1208
0.1248
8.5704
15.5966
0.638
7.4461
0.0515
0.1977
44.6813
0.4797
1.2644
5.7518
15.3394
3.6319
1.8396
15.8691
0.6114
37.0413
39.1647
65.5504
6.9499
25.372
1.2647
19.9893
43.1215
18.7193
16.7754
12.3582
59.9339
52.433
1.6367
7.3549
2.0897
1.6547
2.6964
4.9771
2.1311
0.7421
5.4757
24.5197
5.8472
8.6094
7.3384
5.9056
0.6614
5.6886
1.4721
7.8902
6.7103
1.1181
4.1447
51.8699
0.0979
12.3892
3.0508
30.927
9.3588
0.6536
0.8259
0.1134
0.2421
24.3569
2.3097
16.0738
32.3116
9.1239
1.007
20.1236
11.9443
1.6236
19.8384
35.1673
5.8667
7.8555
9.4758
22.0002
9.4485
3.3905
25.3684
48.0399
3.1474
5.8205
32.3329
19.4479
0.7106
76.277
5.3557
6.1363
10.6055
0.2578
1.4089
1.6478
9.2283
22.1989
22.0099
0.1949
0.6123
32.1987
1.2372
10.3231
15.1165
16.8483
6.5388
29.6499
0.5052
6.9886
13.78
1.6775
13.9584
7.6527
22.2422
5.4919
2.0377
23.7553
14.0897
12.7874
3.3256
0.6158
4.0622
1.1296
20.1052
1.2331
5.5187
9.5991
18.4065
1.3225
3.9544
2.4708
2.8242
2.9716
11.3654
72.8374
79.8555
1.2537
17.4225
4.4183
5.5065
4.4024
34.0571
37.4983
0.5053
9.0652
1.9256
5.3108
1.0607
2.135
3.1826
61.6219
2.2666
57.4897
2.7828
1.1874
3.9268
0.9573
7.1716
2.5759
1.9979
1.6189
3.3901
11.5827
4.8622
1.7731
7.7254
0.4016
5.2032
38.8672
25.8788
6.1518
4.3158
4.8121
40.2871
11.2238
2.3884
38.9174
42.886
33.2547
0.6753
10.9954
25.8664
0.1512
65.4133
32.6522
3.8876
1.2882
1.6862
39.6876
45.3554
3.9185
6.6503
12.9003
13.733
14.8908
7.9906
18.6484
8.8476
58.1252
3.763
16.6864
12.9059
3.3208
17.4466
0.8752
9.7372
6.9071
23.3526
21.5745
0.6476
0.2186
7.9095
1.7614
41.7213
6.583
21.6489
16.6322
7.266
62.4918
3.9429
1.8496
1.4978
6.5475
50.8663
9.2408
57.2671
32.5797
27.1971
38.6168
14.322
20.0849
17.9596
42.7006
1.8152
3.4246
4.1387
46.6114
13.7515
5.9053
6.4583
2.0365
8.4614
2.8267
3.2559
3.6167
14.2594
5.8846
31.4295
0.0369
19.589
26.9735
8.8038
48.8799
0.2253
69.7936
3.712
12.5733
1.8791
38.809
11.0436
1.8353
2.9518
2.5043
5.6011
11.5383
3.9723
11.4846
94.6653
3.9954
52.6547
