17.1066
51.9988
4.1727
11.3957
2.7965
3.9514
16.0086
2.9204
9.2489
10.057
2.8347
21.368
2.8191
4.9441
13.7461
0.103
0.4777
1.6895
13.2713
4.3012
14.8181
5.489
0.3884
7.1007
8.9715
1.6954
26.6272
9.3629
9.48
4.9815
6.6649
10.9278
5.6519
33.6517
26.8103
0.7666
1.6226
1.4166
6.5201
8.9642
17.9582
8.6671
25.4927
30.5665
1.3284
4.0766
26.2094
1.4811
15.2385
2.5574
0.1786
34.9929
4.6302
7.2038
3.0092
1.6638
8.3282
3.2931
10.179
2.9698
1.8945
0.4141
6.6962
7.1493
1.5842
14.9471
9.2062
5.8177
13.0227
12.8176
24.1915
2.8675
17.5213
11.0306
15.7304
6.173
24.6215
2.4733
9.9084
1.5517
1.5692
0.1512
9.1204
9.166
33.8998
8.1087
9.5959
4.82
5.0563
3.4879
3.9201
1.3147
17.9488
10.8358
10.8044
3.4874
3.8234
3.5995
5.2812
2.8304
13.5138
6.2615
5.8762
7.1625
6.9659
4.1058
4.1348
3.1937
1.9608
20.1163
2.3183
0.6941
2.3157
2.8963
18.0212
6.415
37.4353
14.2247
9.9444
4.6278
4.5773
9.6102
4.0639
0.695
16.4884
11.9364
27.0316
7.991
21.0163
10.9999
0.9564
36.7024
14.1393
5.5706
14.2162
1.794
11.5544
0.9437
5.872
8.9061
1.417
5.7416
6.8058
1.3807
0.2371
7.7485
4.0246
10.659
5.8574
6.5135
1.5986
4.6589
13.3678
20.8254
16.9873
1.7282
18.3737
4.0759
8.4196
3.4878
2.0362
10.4938
3.7954
0.3765
17.0489
6.1838
10.6644
6.043
0.2792
18.1606
29.5677
33.2772
23.1938
2.8508
3.7186
9.5259
0.6209
9.948
10.6319
38.0639
15.1748
0.6876
5.1452
21.1833
3.6386
5.2548
1.9176
18.5998
5.0528
1.2181
0.6479
17.7136
11.1711
2.0273
7.2447
0.4737
9.2607
16.6082
12.954
10.372
5.1162
8.8659
9.5771
16.1234
3.6476
1.1695
25.2532
4.1647
0.0156
9.3165
19.7403
0.5286
3.8666
4.3509
8.7631
0.2748
1.9778
17.6978
9.2418
8.1465
4.8546
5.4428
3.6245
14.241
13.5762
26.3182
5.9269
3.8178
6.8973
0.3964
4.808
55.2697
0.7593
7.0042
0.774
10.5829
1.8774
2.1909
16.7487
8.8118
21.376
0.3698
3.5011
17.6715
3.7068
5.4596
22.4994
4.8373
1.214
4.1575
17.3186
2.0862
2.1826
1.2882
2.8841
28.0983
1.0487
7.083
10.6953
0.3266
8.2683
1.1215
5.8268
8.773
1.8531
0.3286
1.6147
19.1699
2.0949
2.1051
0.6111
1.0289
7.7817
4.4615
12.5658
0.2127
80.1344
7.9231
1.7357
3.9501
52.41
2.995
29.785
2.2262
4.7151
4.4844
24.4971
4.4434
1.8971
11.5907
12.0295
6.7615
2.2183
8.2668
2.5681
4.5908
9.5473
4.7926
22.2044
27.121
11.1639
1.9202
12.474
10.4065
2.0103
19.9511
1.3584
1.5542
7.3701
2.0249
9.022
1.2273
17.7275
6.5009
27.1537
2.5414
1.9401
0.9232
4.5398
13.3223
6.4848
12.5264
1.0213
1.4268
0.6106
1.1189
5.676
0.9984
23.4565
17.1832
8.923
17.9407
4.8059
2.0546
8.1406
6.5781
44.3743
12.5481
22.8943
2.3238
3.4879
13.4932
0.3383
21.2603
1.7104
0.1797
0.3686
3.1687
3.3093
15.8069
7.2599
0.7952
13.9152
1.7607
3.7323
0.4001
11.215
13.4274
2.5353
4.5875
9.5367
0.174
6.9423
13.9987
0.5646
1.1421
0.4659
2.6835
4.8047
3.4214
8.7739
3.96
2.5352
21.0001
6.3956
5.4661
1.9293
2.5211
4.4069
7.1549
22.0017
11.8581
16.515
1.3084
4.3621
0.1237
7.163
9.7439
24.8036
0.0025
1.5908
0.1034
1.1526
6.837
0.9405
3.6938
38.8796
10.7403
0.9257
2.8015
8.5007
14.276
0.32
0.5707
0.0699
15.2
6.4515
3.9974
1.4853
12.1347
3.3322
3.2319
5.092
8.1622
23.2082
14.6604
9.8956
28.1345
8.3142
0.6205
3.5601
2.1307
8.7196
0.4919
7.693
1.3105
16.5904
1.8091
0.0245
10.5614
13.3449
9.8753
2.5262
25.3825
2.158
12.301
15.3939
4.5177
0.6372
0.1608
10.3595
0.6877
2.2314
3.2843
5.3657
6.2338
3.4801
21.3499
5.4825
21.7776
5.3651
3.2009
3.9186
2.031
8.3751
0.3386
0.6393
0.9404
0.7844
2.8931
1.2891
4.5079
9.1363
19.5635
25.222
12.5492
1.8649
9.0912
2.1205
31.3294
3.5608
8.5742
3.4749
5.4466
8.6327
1.0352
22.4781
0.8029
3.88
5.9944
0.9965
11.3229
52.3018
6.7157
1.8681
2.9968
4.3304
2.5209
0.5683
6.2717
0.3356
2.0277
4.2637
4.7296
5.8734
2.5172
3.2487
4.4136
3.0844
0.7999
13.2917
3.3518
7.5272
2.5241
10.4712
6.6349
6.7255
3.0573
15.6479
20.7166
1.6701
0.5423
12.5033
3.4394
0.203
1.0936
5.2664
1.6581
9.3968
5.8724
2.8849
10.13
9.7363
25.4123
5.9589
0.6968
5.5569
3.8313
1.5583
4.9099
9.0666
1.9186
6.2979
8.1541
0.4566
3.469
2.9866
26.9287
6.6044
8.6114
14.0633
6.0496
1.8959
14.4909
5.6187
15.0972
0.3978
2.3037
8.1497
2.3364
5.0435
17.8441
1.2397
8.8374
1.3089
7.6751
1.0142
0.1818
7.6633
9.6058
2.7869
2.2357
0.584
10.8244
4.5651
3.1422
0.3986
1.2682
3.3388
4.1669
0.4633
9.8322
2.5683
2.4856
3.1949
7.1229
8.8212
22.8748
10.1858
0.4257
32.235
13.9973
1.7829
3.1601
12.6136
3.7268
0.5788
7.1369
4.3097
20.1423
7.7386
21.7866
4.4881
7.6234
5.728
8.3101
7.6107
14.6231
0.201
5.1022
7.7476
5.1879
4.7851
9.6362
27.5816
31.8989
24.1864
13.8956
6.7774
16.0061
1.9506
5.2523
29.0728
6.791
1.4954
31.7331
5.8893
2.4002
0.0321
4.2303
1.7006
23.3834
6.8166
10.152
6.5297
10.2407
1.501
1.4374
8.7956
14.6644
0.3872
3.8415
13.8258
19.1106
2.9002
7.4712
22.5522
19.5351
2.5299
1.136
3.571
14.0959
3.0956
20.447
3.9475
8.0731
0.289
0.2587
0.4337
8.3241
26.9
4.0982
2.2539
4.5614
2.5476
12.0916
10.5233
2.8197
7.2536
23.0961
3.1491
7.3133
3.4962
14.4989
5.2036
31.2167
5.3233
2.669
2.9462
5.1892
5.8047
16.0023
4.3474
41.2581
4.7484
4.4731
40.1164
12.2099
2.3846
32.3631
1.7848
3.7935
4.4613
1.4033
9.7
1.3511
2.4039
1.3713
0.7161
15.8618
3.5214
1.395
11.21
21.5962
0.2254
17.9472
21.2135
21.2114
17.6505
0.8635
6.9368
13.5847
2.7982
4.2588
1.131
7.1298
6.6987
0.6516
4.3446
13.3001
1.037
1.0005
0.9563
19.4421
15.8429
20.5492
2.8396
1.1869
3.4138
4.279
16.2547
2.0781
1.1816
9.9673
3.9377
5.8659
0.0194
11.021
16.215
13.9789
18.4029
3.2071
7.4775
1.236
19.8883
6.5265
10.1759
0.9536
8.3438
0.5158
1.0524
1.2793
13.3825
1.2802
1.5302
16.2411
2.2508
3.8966
2.041
0.0803
34.7662
4.2325
20.2244
53.5898
8.7201
22.4237
3.0371
25.9006
2.7987
11.7387
0.7203
2.2454
21.5547
1.227
21.0185
2.4596
1.6558
15.125
11.3052
15.4454
13.0965
5.2723
16.4301
2.0441
22.7444
44.5453
16.5381
23.3665
3.0293
6.4497
2.0562
9.7436
13.2821
10.9191
5.2016
7.1192
0.49
1.0803
3.7839
2.4023
44.876
18.9761
0.7648
0.9124
2.0084
14.0097
16.3409
2.0297
14.3575
0.1498
0.038
9.3132
13.0986
22.7102
24.8829
14.9986
19.4364
10.6853
1.7634
23.0059
13.2016
9.5186
15.4197
0.6556
7.8496
4.1143
1.2141
6.6656
0.5066
22.9382
28.0663
0.6751
8.7092
12.2747
1.3304
2.755
4.9938
0.553
0.7333
0.8612
5.8832
6.1144
1.6569
7.706
0.1741
12.4178
3.746
0.1691
12.9435
0.0977
2.4009
10.5861
6.9531
0.5045
16.7716
1.4298
3.0677
7.6558
19.2568
3.709
6.8441
7.8845
8.4745
7.6236
10.285
0.5444
8.374
30.3548
0.7807
1.4295
16.5224
14.0424
9.8607
8.8926
5.7545
12.1015
2.7953
9.9612
15.3316
21.8829
10.8738
18.03
15.3557
6.1876
5.0516
0.7965
17.8877
0.9081
3.1007
3.6333
18.633
7.3231
0.5635
25.9618
15.7894
31.4437
1.5315
3.4219
0.7763
12.5472
8.6889
0.4076
4.8443
5.7466
1.841
16.257
2.9592
17.0666
0.2257
6.3802
8.1108
12.5323
4.7407
2.2791
6.6174
23.0671
7.1845
1.8956
7.4362
3.5283
13.9664
5.3119
4.3677
13.1425
0.9425
16.8421
2.2203
6.9328
12.5936
20.4065
14.686
12.9505
1.6838
14.2242
3.4597
0.8877
20.4428
2.0646
19.7531
11.843
3.8448
0.4938
1.432
15.5025
20.286
4.071
0.3135
6.9851
4.305
5.306
3.3488
0.2407
0.6508
1.9315
4.118
1.9862
22.8181
1.0087
5.8309
3.6346
6.7856
3.9275
13.1037
6.8801
2.3214
14.0628
8.232
0.5722
14.9071
24.7708
53.4304
2.4494
10.4575
1.6625
11.1433
1.3685
0.1663
6.796
5.5606
4.6567
4.3451
2.8369
5.9681
9.2635
6.8339
5.2892
10.1997
2.0927
0.9659
7.394
2.2829
7.9494
4.1064
10.7311
9.5857
7.9507
6.2475
4.9569
7.1782
1.3176
3.8187
10.2655
15.7571
15.1648
11.9375
1.1573
5.741
4.0954
2.6206
3.0714
